145981882223893
371629019591367
219533334847032
116156875205385
226623214141706
135882473269484
516465718421150
535148946525631
434308136637921
313052472131108
114040395451515
447328045318790
314494965342696
453028401454641
476709392382102
409115052519054
450906184980012
563320927041651
162128883956876
116583855169419
431380316936161
421272561248776
321790161280425
459737487438250
151559198332115
540100252691622
475876859114389
463053153753269
222892781182039
430012830426423
125873714256354
460399760702793
329597827163037
459840144090083
136603579856122
175018642656674
303315603135053
452767058149911
511741562217718
145224425659152
123507677848236
505595822835378
185783961570472
171584189659745
267262586713286
169486359882147
468454456552029
499806876734263
470875589651594
612542825424421
443822452373934
161018980730162
395321340582497
450053321754813
177078442444424
529712443737314
340280736094955
157571457740925
535325923176284
493085264048801
409740582437371
391598850938594
169898029837396
451585821593454
369913703120446
512243495504282
511946708841726
542615129114041
418876504877788
246931155450097
618407641521042
216158708521250
354665394623236
492624074120451
631993236826647
102644563242869
438108722938556
234903226627918
137296219773413
316459398459365
153767998135943
476875199062341
417954711574283
303762149754229
388462234577408
196575963822757
121017994708235
549738858409477
379575675485025
425361700896161
331593276970221
161502584026222
169564063209614
381801761935001
260493224094190
303707456429262
172093269621318
468077549944817
418584794905427
442937179096859
464438860256096
319470254839583
438227122878997
612495765443145
507552022597195
445339542175462
375598212523933
570063546342470
368101856643514
570097103008099
287020304761662
144316679074324
164710427023780
538176766204215
145552595610494
599785956703882
336234199819639
447627305308717
493094287420317
400193593381230
312805275488560
538746656168970
650469531646897
462281393814358
159104897582787
143493079124790
164941680321943
263270320483676
141947065972268
272061669575230
343713042397942
447438728673190
487649757914314
206446169498884
190562294416432
182319058590408
424705167619972
121689437991122
406025672828015
176548219166461
162734317220466
278081125638407
448385095186829
298822383556125
380860318694438
638993189451423
162793327208954
620610927955217
114102072093578
366083370171402
591564034189180
320148254781650
128779157278387
287344734721550
400598803326888
239378686208228
403124549780065
205773706223271
502161539795943
140154929487402
480535565350929
235882513208982
583566245008098
160718027412937
181138275373129
600651903296189
125996364257847
407330149355688
124994540999092
168143160017709
105924612942366
141952319299848
275583209241647
181474045325899
242569685873458
359042634177408
299406850191339
443633245699772
300157526746049
189880267831284
411987055557470
227829667353334
158528044315160
531041040270140
527426637271812
459189614136922
370662216363761
285456401567189
361196337325664
505036229535069
283609901767241
446993622028354
151366118364076
138094883038064
323301214439780
134535783406245
443323109086829
162470113914016
555797031118253
360613774039555
195384250604985
527135017346414
256255814510001
303305533132795
574626225889345
390071791030047
176975085775352
577766048902092
446215545439142
347069625393517
540705435944706
410291445734839
518377021505919
133407643515495
426589237409612
139137539599280
152352411611842
626255777400791
172860272879079
260352637442383
305032876286632
145453235594335
345462592241905
451989798220550
122367917920942
431077883644535
453326118076809
554071961310307
471074932958797
458818580856489
516654568376057
602759689735688
542846255756578
139305786255262
137415469763363
528714547191797
142083865970623
477343069004942
371565969586360
404233319667993
130967703741651
530531430346517
172127482947431
448196258592041
361218213992727
151393105024817
322799877824924
501501343232451
148846648616166
355057324593292
178470208979951
572126919494397
124204261097163
171821982969170
174092076071548
272701286197000
139678292892005
454981911252034
144671362382836
470976779645408
313405485431731
421277731302916
115133245356001
268396949962279
535816093127488
455043914579778
141939215993771
488351814568484
511774705536889
653359744691097
452968318114551
598260993520355
448723768546324
568129589884438
618249804869242
497791126929670
159873810856733
122058011327872
620188221332623
597449340285153
528181927219562
176221599194795
146018138902314
169777213184921
115311445287027
520643051298729
488371967879447
457601740991429
600495506630435
235691579903426
586070078091752
444495732310532
521825754519797
146641728853842
187339724750288
569357916438024
120758354792930
264756923670814
525835267452248
169164389910975
157588807631134
186749751336212
308879242547877
623503690999803
192156334269810
324647440995263
100667820139116
368622099900671
354487521330105
515476955182286
527474843942485
564478470248073
631258403556669
174914372661611
115421718610604
452725574811448
511905118869288
236251896506850
470920112975918
483285015058535
489922291060801
271679622967719
607770129235055
511834375548432
481156975311460
461997217218742
179331975552744
333903906739261
473007926113342
147742055399530
110221722502166
453435114747749
420505001357656
455554114523568
124914857703695
120194351519298
583617394993620
461660593913398
331906740264750
125454027658513
461288263957573
155414597958986
453747231384626
488139501257875
516222788425661
428008717283878
225245010952680
533990296643559
119782128205576
413563558719864
473181012761226
364991006943767
504860309567096
142858435893679
233609153444124
154906551350472
602079336483075
156044184570380
185438691612566
363144437118906
568982019802978
406696679437743
133574163503315
509661712416250
309284055872236
415328141907623
311004865697689
460551977323882
190041837817697
157159104455865
502645663135219
153962908116875
144457629071865
525342290859971
152562101589796
159642917549709
545400638843786
341921719262860
487447044658109
459554664097795
525040014225678
479327595448020
593655517311793
562777880421479
137477066420724
350423685068569
519380468080535
100288176825367
457072181025075
409869765750401
374759709307829
431417363620668
396337473813938
531597406878051
129373277257982
345961868840580
565164100172037
152623451584622
173570322807168
184155821737809
128328127321450
457502394317806
571418312888819
157787394373413
134802970015855
642711229078525
225559670913279
561050830595189
572170839465773
458121074243292
162336890556820
127375964125202
565456233499623
183606641788997
236245836519673
224005877723946
348980021846892
197910860338514
354843311301270
120558374803200
482718045127162
306128692839873
390059067749567
611666085514402
225052584299876
456419357771076
176552642485047
118251718346350
382288445194130
534480936604380
405716179498896
193837060768004
594798947196880
133502353495316
141006192713271
385869994786207
581819978498780
291700317606808
253907491410986
421799317909377
570861862946283
338976426221566
561614730519570
153293108185225
311305402302931
501674479875805
202705843186605
469162946496754
306091246183033
524321800940656
290294551070400
573826935972150
103625036503884
474984375890393
181068992051761
411260812295616
452509484834064
159578030871002
469113159787268
374852399263115
221385517986689
479157012151660
139861886195156
186485151493410
165391543604382
486377018077653
183813945109899
492106944189742
451064531641930
456246154457245
530397363659680
458403360875144
461245313949572
369836586454314
496928527039672
329171597185334
388663074581005
122938624563186
541446849214526
134553230039686
213504148782198
431806860227231
529851627057380
515488705146532
352088841532275
454824981270825
350704861695718
117876225080824
114655058732957
414772971939188
350983148319897
447809468636689
298317963628349
550790621632817
467911039955063
171029196385138
509635885760209
606064756070340
425800544200776
566073413415860
420832971321015
259102074222531
110739425767713
356936341033447
150394575123847
367142406728602
162410803905967
401149676619807
417308125020314
375510672570310
207466039400368
236796999789029
280263878774953
551362068237673
262087007269897
323533907769818
342262912558446
310894245677338
231383250308186
397682116978279
347654035335282
186721558137791
268176269986252
121259754710369
204375313020620
435946539809906
301303776645307
540341875989134
509255925805332
138821192971934
503020843078508
301105563327210
347416275378209
181021738719075
342904889134408
516908738370523
648083758541504
293393837459810
103353596509671
469352753145014
165323803603094
517079041685586
257314897748099
262061620583905
517748274935864
311696832289369
520142964689304
127280657436835
456749077710086
549527295085435
489328367764302
361290907315996
445252498900360
516149701755558
533541163376559
119869554880861
561104820568160
114901592039114
137064456466932
319813111457682
292817617517322
240282379437040
415911851804558
571057816262357
264752866995601
299545913487457
515501535136453
172572746225557
276193189179065
128469897349366
602597113085095
576924092341927
228357360643298
499254503461360
648564101836561
573223206029319
447864765301918
598979610114808
448434301891690
225641510913634
469819893049653
374676309308536
248298408646608
296423500469754
513002062093981
120911218074351
197099090437215
113680722170283
437178143029383
176132082546003
129174973937769
447684208644729
356498481117805
507125355994838
497207993670727
639539459396195
493501900698333
460292834039062
367140676733193
397052997033612
404222712946474
268199843309363
439413036109840
380262795406178
354326308002717
497477586980050
572869359394552
534022753277231
389644707791387
558789754153928
257952561005514
505970392775529
504518772942906
420261501378589
168259689997964
439814822746758
435469436518938
144306315718453
134860313370410
159769657512453
479802925399317
391647880906092
466728083378394
360525487390312
445833618833959
383407988396254
131355970346850
400761393319636
634597406555929
354290704688507
496855630361542
159916807495031
380199025381513
146961555479854
554591994567070
311169852322021
458474964188373
314187238703925
522751877737770
499422296790636
275871095872321
123124494524062
307587502693960
114999165324703
400057916718097
319022618227580
192060204259017
440937905984952
121817684683091
440989275977826
110111749174593
505398736184560
627683423912634
302146503252390
116369748560545
314809298633811
134266833425339
319129958182680
492360357472440
128754997313351
473796872694900
361827017269521
223798217744821
393126997468235
528015307241352
512379532138967
152633494914408
406300806130048
275729759196331
347693718648861
415633278526760
311005642338871
420430628053399
130022200496189
146901218822447
622267734467586
135807319925153
362808260503786
622304487797359
171629922984536
245719605565038
253383058131312
503043589747014
361841897237316
169891656468009
649739445043010
542942039091663
487572757964747
510120622377702
132991380211347
318663094914665
242666319213010
392022724228351
175003892658922
522654104464671
229783737168157
404417682950815
368479703257835
638663249481918
130620807087722
117858548292073
390673974317288
134868293247107
314942601860600
137662036345409
437732452982395
419799551390723
185514931520437
237872186338257
107096415980599
332039320152464
235495149863106
262224687206819
443781835636095
151403554925567
138983356130696
145864828894464
195511783931371
315328278594243
501297349927175
368788883209988
136017246582377
131661317005628
590724090954384
423084371092009
425495207505666
141325916024406
120387801460478
456850547705621
455847274453047
221255531343498
500849049965578
196283430512622
217678965036227
251977791599128
296763590427181
322216937885098
399702323454292
108774662634235
119816724857336
139119889579911
143161699171901
145354955620546
149309938556747
483309838381319
494081660633031
494509603925760
579951705352900
586742424673592
414137918667362
415460715199556
449009611821010
474264525942168
471412062896231
469499166431750
1285002688306152
160554190789483
359169650839841
438520892874998
484029681655862
372215442868767
252352778225808
164564860378784
208698645853446
513623901995898
251118315019131
167324556739037
568288346528073
421136727954307
131355970346850
504780722918641
300823606717866
166053700222852
293806410734758
504846636221075
159315384210327
269323673189459
560488083967254
404846072915244
409508639140463
575481929146056
452208078200194
228514843958510
543727372339066
211068242358972
466531310067252
354474291323281
151644955013931
160041640828552
302784546513897
501078619926556
492623727467414
459106350821441
269613326475674
463796287000471
242444105901009
459964090732852
497097197010641
418614088215677
143044739185128
303351039735720
235537283128809
149079981775187
135328513172815
185699954808413
172381572417
470433666344633
242158329193809
280727762017990
181465548552158
235083136571681
280458362018719
284835114914710
331658863540357
229566037129689
153365574786594
160116394141452
352608934767349
235360823209944
666597443369925
137501409768355
436626206430781
484053168319951
433527753386258
533292623378951
581753701835151
358952914205524
448088798584919
137931393046523
633072800040594
340468166076713
186111864869285
439002459515374
587355684615340
254174611381247
505749416150220
315424065251898
137224239760326
209488572429220
366536030118121
126027974222788
452629484791644
405762639508833
123835477769584
130805053782932
490184511011508
120900128094955
403364536429138
601144129913302
549950995057472
638920082800829
392242667531499
501015406625162
476850679051107
241441946002398
361428330645584
138517056320762
314701211962768
491246127615359
451278671615966
531649330211135
158011047707712
172413469582054
517538704971955
533975783340609
177729772376187
171851352979285
332377700218529
511392575591500
374307525981387
391358380960178
280216002095142
107073206143825
390177791073464
440313276015398
147205722105423
385557734876986
636223609725710
491473907561947
570038529691624
358986274201106
158448717657900
129486383909897
331805603614149
371217116322132
368900453230240
137549279766399
600002793349763
247136668749969
378250992249450
433770886699789
539213366099830
339869399454743
309423492518597
117212565136327
156534224494538
334722573301778
454731367952267
124711871043340
207538499383687
133269083482970
126499860745344
124154590990922
135302499893025
186122631426505
140534249335117
332863723509365
118792768294974
322087314575622
360932590683673
511694892186523
419146564839968
397241177035162
369991999777853
269353063181463
466665273354360
237976679658519
281029151933371
431223400308045
484965264868952
418509191581520
491715134224061
344094169028549
145519902257372
324126504382965
485524824836240
114150748744387
283944958402845
150069518487037
185618008243104
496479147054153
535583499818674
137408239776684
204947982986748
341588122607059
130912483730228
455671184489935
546920575339068
187996034683979
397335927027171
157553617754280
129518407220156
523332517723636
424901594272023
180194838778773
311091119023196
585881411428428
535374026487416
152748054878148
406795786082168
535471489849296
158628160967105
596890313662455
454627261292639
129738827221199
164012550424020
151974038302904
500673370005016
367153436723441
549435821752507
167780540037905
146232108872328
463633743705986
125789590938151
371726446265439
326862450774995
326726874123484
180184752105862
548478035162966
385469161571989
566524326713835
189086264573995
462325487183084
638955182798155
169425546551553
173946069430588
521913317853936
448081381949301
122944467898414
458350487535856
337592409677487
136045073252191
425586270871701
112125958975957
121107128087264
150005465171420
143779082457152
443429452404397
129088343952762
531430490240952
106976089508604
473393922730410
559613740728784
533053103412259
199773636813772
224098874397377
105736369612663
451681011584093
111161369090701
516928148369396
276869575741263
217948821648202
542715429105333
545472238825416
136862269820881
362931537153207
237357339716597
585304801499735
143931285777889
158018431043005
181912771951042
347615062027772
341344609278073
362956010443540
212501585460689
623877794304561
352544004861344
360251407407878
130970573750654
606315486064411
493574300678445
162498060540730
135796549911264
143180515845851
349892101786329
376215985819257
436253953117735
500455210001180
504847472901295
587129404633956
457168324369779
302099416589578
506952569366525
593903817295422
572500449449422
490072327719749
447290045355023
504919812876674
300500760078412
422043297888652
500136460034314
391400940967564
441597415935103
131888350337644
521854994547540
645194748840520
539378746105067
388855877878900
387323518041373
123688714494908
536971649675236
275997639211145
342128262507272
278678975601246
619391274753211
167622183390674
423804131042337
485093201537936
332650606854297
438773769528916
535909996432859
382017445226988
309871029141829
482815081789716
522673657788866
151548925010475
124055631130629
123584077835075
169189303240647
218009925008827
560930350617750
111513419009720
127432480782581
564408426924166
505086176224105
615425028486334
501594399872008
452396168165604
474659972587089
577085985650917
403100179775936
159026467601621
309503915818972
593827153979220
137058609794479
523594317698631
547670141932453
323073627795150
342317185889402
551405651567099
175536819261068
263074970490039
130916527103478
530499333638354
119759291553129
333201973472858
515917298456316
312409252225174
180665878749939
665497370146577